99999999 99999999 99999999 99999999
99999999 99999999 99999999 99999999
99999999 99999999 99999999 99999999
99999999 99999999 99999999 99999999
99999999 99999999 99999999 99999999
99999999 99999999 99999999 99999999
99999999 99999999 99999999 99999999
99999999 99999779 97799999 99999999
99999999 99999779 97799999 99999999
99999999 99999779 97799999 99999999
99999999 99999779 97799999 99999999
99999999 99999779 97799999 99999999
99999999 99999999 99999999 99999999
99999999 99999999 99999999 99999999
99999999 99999999 99999999 99999999
99999999 99999999 99999999 99999999
99999999 99999999 99999999 99999999
99999999 99999999 99999979 99999999
99999999 99999999 99449569 99999999
99999999 99999999 94444999 99999999
99999999 99999999 44444499 99999999
99999999 99999999 44443499 99999999
99999999 99999999 94434999 99999999
99999999 99999999 99449999 99999999
99999999 99999999 99999999 99999999
99999999 99999999 99999999 99999999
99999999 99999999 99999999 99999999
99999999 99999999 99999999 99999999
99999999 99999999 99999999 99999999
99999999 99999999 99999999 99999999
99999999 99999999 99999999 99999999
99999999 99999999 99999999 99999999
